0 0.3432 132.0 233.5 136.6 237.2
0 0.3365 298.8 143.1 306.6 147.9
0 0.3154 101.1 97.9 105.7 101.8
0 0.3075 190.9 93.0 197.3 97.7
0 0.3075 232.4 212.9 238.4 217.3
0 0.2819 301.7 98.2 307.3 103.2
0 0.2793 41.3 132.9 45.7 137.9
0 0.2698 141.3 178.3 147.4 182.5
0 0.2624 181.9 126.0 187.9 131.4
0 0.2624 171.3 56.3 178.0 63.2
0 0.2599 281.9 211.2 287.8 216.9
0 0.2556 308.9 210.2 315.9 215.5
0 0.2555 102.5 75.2 109.9 80.2
0 0.2467 126.5 221.0 132.1 225.5
0 0.2450 297.4 191.5 307.4 198.2
0 0.2430 170.2 102.8 175.5 107.5
0 0.2406 252.6 106.2 257.8 111.2
0 0.2394 52.8 212.7 57.4 218.0
0 0.2375 240.9 89.6 246.4 95.4
0 0.2324 342.7 222.9 348.9 228.2
0 0.2311 49.3 152.5 54.2 158.5
0 0.2304 350.6 198.7 357.9 204.9
0 0.2297 64.7 227.4 70.1 232.5
0 0.2259 318.8 183.5 326.2 189.6
0 0.2241 285.8 121.8 292.0 128.3
0 0.2228 76.6 192.8 81.4 198.6
0 0.2223 384.0 84.0 391.0 90.1
0 0.2203 186.3 179.2 191.5 185.2
0 0.2189 148.1 157.5 152.4 162.1
0 0.2187 151.1 195.0 157.3 202.1
0 0.2125 41.0 13.0 46.1 17.9
0 0.2101 106.4 43.8 112.8 49.9
0 0.2080 206.0 214.3 213.1 220.8
0 0.2068 79.4 125.7 84.5 131.0
0 0.2066 126.5 184.3 132.8 190.4
0 0.2020 64.1 10.4 67.8 14.6
0 0.1989 161.2 142.1 167.8 148.6
0 0.1917 126.2 147.1 130.4 152.6
0 0.1913 388.9 155.6 396.5 161.0
0 0.1900 98.6 207.4 103.0 213.3
0 0.1890 37.5 220.1 42.1 224.2
0 0.1882 93.9 227.0 100.7 233.1
0 0.1860 184.0 29.6 190.4 35.7
0 0.1853 131.0 161.9 135.5 168.4
0 0.1849 50.0 38.3 55.6 45.3
0 0.1823 230.5 11.3 239.8 17.8
0 0.1811 78.7 209.2 84.0 215.8
0 0.1798 154.9 17.8 162.1 24.2
0 0.1797 129.3 17.7 136.1 25.0
0 0.1792 23.2 69.4 31.6 75.6
0 0.1779 356.2 37.7 361.6 43.2
0 0.1744 367.3 113.3 374.2 117.8
0 0.1743 81.3 173.4 86.2 179.6
0 0.1721 10.3 4.4 17.6 10.8
0 0.1714 181.0 217.6 185.4 223.7
0 0.1713 367.1 222.0 375.5 228.4
0 0.1710 319.6 230.4 326.6 235.9
0 0.1704 85.3 48.2 90.9 54.1
0 0.1665 263.1 218.9 271.6 226.2
0 0.1663 117.1 203.6 121.2 210.1
0 0.1661 205.7 20.4 216.2 26.7
0 0.1652 262.4 178.6 269.9 184.6
0 0.1648 74.7 77.2 80.4 84.7
0 0.1617 118.7 93.1 123.7 99.9
0 0.1616 341.3 171.5 349.6 180.3
0 0.1608 175.1 168.2 180.2 173.1
0 0.1565 98.7 22.7 104.4 29.4
0 0.1553 46.1 62.5 50.8 69.2
0 0.1527 385.0 133.2 391.6 140.8
0 0.1524 203.0 119.1 209.8 125.4
0 0.1499 346.0 17.3 355.1 23.8
0 0.1398 254.7 58.1 261.9 65.7
0 0.1395 1.0 29.2 5.7 32.9
0 0.1372 152.0 229.6 158.1 235.5
0 0.1355 162.5 217.1 168.4 222.3
0 0.1309 167.9 188.7 172.7 195.0
0 0.1295 109.5 224.6 115.8 230.6
0 0.1278 317.8 120.7 323.7 127.1
0 0.1266 223.3 198.1 231.6 207.9
0 0.1257 208.6 73.3 214.2 81.0
0 0.1248 237.7 182.1 246.3 195.4
0 0.1103 323.8 23.1 332.5 27.8
0 0.1035 387.9 24.2 396.4 31.4
