14 0.2836 208.0 73.2 216.6 82.2
14 0.2438 217.5 91.0 228.1 101.0
14 0.1782 231.2 120.6 241.3 128.9
14 0.1768 202.2 118.2 211.6 126.8
14 0.1759 267.2 83.1 278.0 93.4
14 0.1566 284.9 121.1 293.4 130.1
14 0.1504 98.2 22.6 105.7 31.3
14 0.1455 383.8 84.2 391.9 91.8
14 0.1405 84.7 48.2 92.4 56.0
14 0.1377 160.5 141.7 169.3 150.3
14 0.1350 240.3 89.1 248.8 97.3
14 0.1315 181.5 126.3 189.7 133.6
14 0.1306 251.8 105.9 260.4 113.6
14 0.1250 105.9 43.7 114.8 52.2
14 0.1220 254.2 58.0 264.9 68.2
14 0.1210 45.4 62.2 52.9 71.4
14 0.1138 125.7 147.0 132.4 154.7
14 0.1125 102.1 75.5 112.3 82.7
14 0.1113 169.7 102.4 177.6 109.3
14 0.1108 128.9 17.8 137.9 26.8
14 0.1055 73.9 76.6 80.8 85.5
14 0.1046 92.7 2.6 100.3 11.0
14 0.1038 301.1 98.3 309.5 105.3
14 0.1016 298.2 143.5 308.2 149.8
14 0.1016 190.1 93.3 199.1 99.5
