0 0.6822 267.1 82.3 277.5 92.8
0 0.6747 366.5 221.1 377.6 231.5
0 0.6631 366.5 112.3 377.9 121.3
0 0.6573 345.4 16.3 357.6 27.6
0 0.6561 237.2 183.6 246.0 195.8
0 0.6465 128.3 16.3 137.2 26.5
0 0.6457 254.2 56.5 264.1 67.5
0 0.6412 262.9 122.2 270.9 130.4
0 0.6385 262.5 218.6 271.6 227.6
0 0.6344 22.5 69.1 31.8 77.2
0 0.6319 217.9 90.1 227.4 100.2
0 0.6310 384.5 131.8 394.2 142.5
0 0.6307 323.0 21.4 335.7 31.7
0 0.6303 88.8 152.3 97.1 161.8
0 0.6297 98.0 21.7 105.5 30.8
0 0.6291 317.3 119.7 327.4 130.5
0 0.6220 174.8 167.3 181.0 174.7
0 0.6210 207.6 72.7 215.6 81.8
0 0.6197 183.3 29.1 190.5 37.2
0 0.6180 69.4 109.2 76.1 117.5
0 0.6157 201.8 117.9 210.2 126.5
0 0.6139 118.0 92.1 125.3 101.2
0 0.6132 334.1 55.2 348.9 69.4
0 0.6106 277.2 158.5 286.7 167.7
0 0.6102 167.4 187.9 173.9 196.2
0 0.6091 150.9 194.3 156.9 203.0
0 0.6090 319.1 229.4 327.7 239.0
0 0.6088 49.8 37.4 56.4 46.5
0 0.6068 64.1 225.6 70.2 234.4
0 0.6065 308.0 209.5 315.9 217.2
0 0.6058 262.0 178.0 271.4 186.4
0 0.6021 154.7 16.8 163.5 25.9
0 0.5990 170.8 55.0 178.4 64.8
0 0.5961 230.2 10.6 240.2 19.5
0 0.5948 78.6 124.6 85.1 132.6
0 0.5948 240.5 89.0 247.1 97.0
0 0.5939 285.3 120.0 292.3 129.7
0 0.5931 342.3 222.6 350.2 229.8
0 0.5905 341.3 171.2 350.4 180.8
0 0.5883 28.0 40.3 37.8 48.8
0 0.5881 84.9 47.3 92.0 55.2
0 0.5880 49.1 151.3 54.9 159.7
0 0.5878 160.5 140.7 168.4 150.0
0 0.5864 125.7 145.8 131.8 154.6
0 0.5863 40.6 131.0 47.1 139.8
0 0.5851 45.4 61.2 51.8 70.7
0 0.5850 297.5 190.7 307.4 199.8
0 0.5847 383.3 83.8 391.2 91.4
0 0.5847 231.1 120.1 239.5 129.0
0 0.5845 100.2 97.2 107.2 103.1
0 0.5822 205.8 213.8 213.0 222.1
0 0.5775 55.3 126.6 62.4 135.8
0 0.5767 52.7 212.2 58.4 219.5
0 0.5765 140.0 177.6 148.2 183.4
0 0.5760 169.7 101.3 177.0 109.0
0 0.5757 102.5 74.7 110.6 82.2
0 0.5756 78.4 208.6 84.2 216.9
0 0.5750 40.5 11.3 47.1 19.7
0 0.5749 300.9 96.9 308.4 104.9
0 0.5748 73.9 75.8 80.7 84.9
0 0.5747 98.2 206.1 104.2 214.8
0 0.5742 298.0 142.7 307.4 149.6
0 0.5733 318.2 183.7 326.9 191.1
0 0.5723 174.3 199.4 181.7 208.3
0 0.5697 126.2 220.3 133.1 227.4
0 0.5692 231.5 212.1 239.3 219.4
0 0.5678 147.8 156.0 153.7 164.3
0 0.5665 350.3 198.0 358.1 205.6
0 0.5625 108.6 224.0 115.2 231.6
0 0.5624 190.1 92.3 198.3 99.4
0 0.5622 10.5 3.3 17.1 11.9
0 0.5588 93.4 225.6 100.1 234.3
0 0.5564 355.8 36.9 363.4 46.1
0 0.5548 223.2 198.9 229.8 208.4
0 0.5512 186.1 178.5 192.2 186.4
0 0.5504 106.5 43.0 114.3 51.6
0 0.5495 205.0 19.8 215.2 28.0
0 0.5484 131.7 232.9 138.7 240.4
0 0.5472 80.7 172.5 87.3 180.4
0 0.5471 76.1 191.3 82.3 199.8
0 0.5470 161.6 216.0 168.7 224.1
0 0.5414 252.4 105.3 258.6 113.0
0 0.5311 126.4 183.9 132.9 191.5
0 0.5260 151.7 229.0 158.2 236.8
0 0.5258 182.0 125.3 189.2 133.7
0 0.5229 180.8 216.4 185.7 224.9
0 0.5227 281.4 210.4 287.9 217.7
0 0.5225 387.2 23.9 396.8 33.2
0 0.5216 237.8 34.9 245.7 42.4
0 0.5059 131.1 161.0 136.0 169.9
0 0.4976 388.2 154.7 397.4 163.1
0 0.4792 0.0 74.2 7.8 85.5
0 0.4758 93.6 1.7 99.7 9.8
0 0.4720 63.2 9.3 68.3 16.3
0 0.4471 116.7 203.4 122.5 211.4
0 0.3908 11.9 212.7 17.2 218.5
0 0.3805 36.7 219.4 43.0 225.2
0 0.3690 0.1 28.3 7.1 34.7
0 0.2235 295.0 238.7 299.2 243.0
0 0.1767 115.9 166.0 122.2 170.7
